0 0.06314566115702479 0.618457300275482 0.05036157024793388 0.26997245179063356
0 0.09917355371900825 0.5950413223140495 0.0433884297520661 0.26721763085399436
0 0.1665805785123967 0.6721763085399448 0.04803719008264464 0.19559228650137733
0 0.2680785123966942 0.5798898071625344 0.08212809917355372 0.46280991735537186
0 0.3172778925619834 0.5929752066115701 0.055010330578512415 0.3209366391184572
0 0.577995867768595 0.596418732782369 0.04803719008264447 0.24517906336088166
0 0.5489411157024793 0.6460055096418732 0.024018595041322328 0.1349862258953167
0 0.6330061983471075 0.6349862258953167 0.046487603305785184 0.1983471074380166
0 0.6833677685950412 0.5853994490358125 0.0604338842975207 0.27823691460055094
0 0.8154700413223139 0.5544077134986225 0.08755165289256198 0.4201101928374655
0 0.9328512396694214 0.5688705234159778 0.07747933884297524 0.3250688705234159
