0 0.29558367768595034 0.5826446280991732 0.11544421487603296 0.4958677685950409
0 0.18401342975206605 0.6728650137741043 0.047262396694214885 0.20247933884297506
0 0.09762396694214873 0.6205234159779612 0.07747933884297518 0.26308539944903575
0 0.06198347107438016 0.62465564738292 0.010847107438016526 0.001377410468319482
0 0.22197830578512395 0.6418732782369144 0.07050619834710745 0.2424242424242423
0 0.5865185950413221 0.6053719008264463 0.07283057851239638 0.24380165289256198
0 0.6574121900826448 0.633608815426997 0.045712809917355414 0.1955922865013772
0 0.5686983471074377 0.6522038567493113 0.041838842975206694 0.1391184573002754
0 0.6922778925619834 0.5812672176308535 0.06740702479338798 0.2809917355371897
0 0.790676652892562 0.5544077134986225 0.07360537190082653 0.42286501377410457
0 0.8956611570247933 0.571625344352617 0.09452479338842969 0.327823691460055
0 0.7705320247933883 0.5909090909090908 0.08600206611570244 0.3250688705234159
