0 0.346720041322314 0.5833333333333333 0.10614669421487605 0.4917355371900826
0 0.12164256198347102 0.6191460055096417 0.07128099173553715 0.2658402203856748
0 0.20299586776859502 0.6756198347107437 0.06043388429752063 0.20247933884297517
0 0.24057334710743802 0.6446280991735537 0.0596590909090909 0.2451790633608816
0 0.6066632231404958 0.5991735537190082 0.07438016528925623 0.2506887052341598
0 0.581095041322314 0.6439393939393939 0.04028925619834709 0.1446280991735537
0 0.6856921487603301 0.6322314049586776 0.061983471074379806 0.19283746556473813
0 0.76588326446281 0.5578512396694211 0.10459710743801692 0.42699724517906323
0 0.8662190082644627 0.5716253443526169 0.058884297520661155 0.3305785123966941
0 0.7108729338842972 0.5819559228650135 0.03796487603305744 0.28787878787878773
