0 0.15263429752066113 0.6129476584022037 0.04493801652892562 0.26721763085399447
0 0.17704028925619833 0.5778236914600551 0.02711776859504134 0.22727272727272727
0 0.2184917355371901 0.6714876033057849 0.03564049586776861 0.19421487603305784
0 0.2700154958677686 0.6398071625344351 0.05810950413223139 0.2438016528925619
0 0.3668646694214877 0.5840220385674929 0.13713842975206614 0.48209366391184566
0 0.6302944214876033 0.5971074380165289 0.06275826446280995 0.23829201101928377
0 0.5965909090909091 0.6446280991735536 0.0263429752066115 0.13498622589531684
0 0.7546487603305785 0.5619834710743801 0.10537190082644628 0.41873278236914596
0 0.8329028925619834 0.5736914600550963 0.09452479338842977 0.33746556473829203
0 0.7058367768595042 0.5888429752066116 0.04493801652892571 0.315426997245179
